3 15 760 98 320 79 83 94 30 84 415 7 177 30 327 75 81 88 265 24 99 68 171 30 427 55 472 63 477 96 107 59 431
4 15 760 94 30 79 83 7 177 24 99 63 477 30 327 55 472 96 107 84 415 30 427 75 81 98 320 88 265 68 171 59 431
5 15 760 30 427 63 477 7 177 94 30 68 171 24 99 84 415 59 431 96 107 88 265 55 472 79 83 30 327 98 320 75 81
6 15 760 30 427 79 83 88 265 7 177 63 477 94 30 30 327 96 107 68 171 84 415 55 472 24 99 98 320 59 431 75 81
7 15 760 24 99 55 472 68 171 30 327 30 427 94 30 63 477 75 81 7 177 79 83 84 415 88 265 96 107 98 320 59 431
8 15 760 68 171 7 177 79 83 75 81 63 477 88 265 59 431 96 107 98 320 24 99 30 427 94 30 84 415 30 327 55 472
9 15 760 7 177 88 265 68 171 30 427 84 415 59 431 30 327 94 30 24 99 75 81 79 83 63 477 96 107 55 472 98 320
10 15 760 24 99 98 320 79 83 88 265 30 427 94 30 63 477 55 472 30 327 59 431 68 171 7 177 84 415 75 81 96 107
11 15 760 30 327 98 320 63 477 88 265 79 83 7 177 94 30 84 415 55 472 68 171 59 431 96 107 75 81 30 427 24 99
12 15 760 96 107 84 415 75 81 63 477 30 327 55 472 88 265 30 427 7 177 79 83 98 320 68 171 94 30 24 99 59 431
13 15 760 98 320 68 171 7 177 24 99 84 415 96 107 75 81 88 265 94 30 30 327 59 431 30 427 79 83 55 472 63 477
14 15 760 68 171 96 107 24 99 94 30 59 431 7 177 79 83 55 472 88 265 30 327 63 477 98 320 75 81 30 427 84 415
15 15 760 84 415 79 83 75 81 7 177 94 30 98 320 30 327 96 107 68 171 24 99 59 431 88 265 63 477 55 472 30 427
16 15 760 30 327 59 431 79 83 30 427 7 177 96 107 98 320 88 265 55 472 68 171 24 99 75 81 63 477 94 30 84 415
17 15 760 30 427 68 171 55 472 7 177 63 477 30 327 88 265 84 415 94 30 98 320 24 99 59 431 79 83 96 107 75 81
18 15 760 94 30 7 177 30 327 84 415 55 472 59 431 68 171 96 107 98 320 63 477 75 81 24 99 30 427 79 83 88 265
19 15 760 94 30 30 327 98 320 59 431 79 83 75 81 55 472 30 427 96 107 24 99 88 265 7 177 84 415 68 171 63 477
20 15 760 88 265 7 177 24 99 59 431 96 107 63 477 79 83 30 427 84 415 30 327 98 320 75 81 55 472 68 171 94 30
21 15 760 98 320 7 177 68 171 88 265 30 327 94 30 84 415 55 472 30 427 63 477 75 81 59 431 24 99 79 83 96 107
22 15 760 30 427 63 477 24 99 75 81 84 415 98 320 55 472 59 431 30 327 96 107 7 177 88 265 79 83 94 30 68 171
23 15 760 30 327 98 320 88 265 79 83 96 107 30 427 84 415 55 472 59 431 68 171 7 177 94 30 63 477 24 99 75 81
24 15 760 75 81 7 177 30 427 68 171 59 431 98 320 30 327 84 415 94 30 55 472 88 265 79 83 96 107 63 477 24 99
25 15 760 30 327 68 171 98 320 30 427 84 415 55 472 94 30 88 265 24 99 59 431 63 477 96 107 79 83 75 81 7 177
26 15 760 68 171 75 81 94 30 63 477 7 177 30 327 88 265 98 320 30 427 96 107 55 472 59 431 79 83 84 415 24 99
27 15 760 98 320 7 177 79 83 68 171 55 472 75 81 84 415 30 327 24 99 59 431 63 477 96 107 30 427 88 265 94 30
28 15 760 24 99 75 81 84 415 59 431 79 83 68 171 96 107 98 320 63 477 30 427 55 472 94 30 7 177 88 265 30 327
29 15 760 94 30 84 415 59 431 7 177 68 171 30 427 88 265 96 107 63 477 24 99 55 472 30 327 79 83 98 320 75 81
30 15 760 96 107 94 30 98 320 59 431 30 427 75 81 79 83 55 472 7 177 88 265 24 99 84 415 30 327 63 477 68 171
31 15 760 30 427 79 83 75 81 68 171 63 477 59 431 30 327 24 99 55 472 7 177 88 265 84 415 96 107 94 30 98 320
32 15 760 79 83 55 472 96 107 94 30 24 99 7 177 59 431 68 171 84 415 63 477 98 320 75 81 88 265 30 327 30 427
33 15 760 24 99 96 107 68 171 30 427 55 472 98 320 59 431 63 477 88 265 75 81 79 83 94 30 30 327 7 177 84 415
34 15 760 98 320 84 415 79 83 88 265 75 81 24 99 94 30 63 477 96 107 68 171 59 431 30 327 7 177 30 427 55 472
35 15 760 30 427 24 99 84 415 55 472 63 477 96 107 94 30 75 81 88 265 7 177 98 320 68 171 79 83 59 431 30 327
36 15 760 84 415 63 477 7 177 30 327 59 431 96 107 88 265 24 99 94 30 30 427 98 320 79 83 55 472 75 81 68 171
37 15 760 96 107 30 427 7 177 88 265 30 327 55 472 75 81 68 171 24 99 98 320 63 477 94 30 59 431 79 83 84 415
38 15 760 55 472 30 327 30 427 63 477 96 107 84 415 98 320 59 431 24 99 88 265 68 171 7 177 75 81 79 83 94 30
39 15 760 94 30 75 81 30 427 84 415 55 472 68 171 63 477 59 431 88 265 30 327 79 83 96 107 7 177 24 99 98 320
40 15 760 68 171 75 81 98 320 79 83 94 30 7 177 96 107 88 265 55 472 30 427 30 327 59 431 24 99 63 477 84 415
41 15 760 24 99 88 265 55 472 7 177 75 81 68 171 79 83 98 320 94 30 96 107 84 415 30 327 63 477 59 431 30 427
42 15 760 55 472 96 107 98 320 75 81 59 431 30 327 30 427 84 415 24 99 79 83 68 171 88 265 7 177 94 30 63 477
43 15 760 84 415 68 171 75 81 88 265 7 177 96 107 55 472 63 477 79 83 30 327 98 320 94 30 59 431 24 99 30 427
44 15 760 30 427 63 477 88 265 79 83 96 107 30 327 68 171 94 30 59 431 98 320 55 472 75 81 84 415 24 99 7 177
45 15 760 68 171 75 81 79 83 84 415 94 30 88 265 7 177 30 327 96 107 30 427 24 99 63 477 98 320 55 472 59 431
46 15 760 98 320 68 171 30 327 79 83 88 265 96 107 75 81 24 99 59 431 55 472 63 477 84 415 94 30 7 177 30 427
47 15 760 59 431 7 177 88 265 30 427 96 107 79 83 68 171 24 99 75 81 98 320 94 30 30 327 84 415 55 472 63 477
48 15 760 55 472 79 83 7 177 30 327 96 107 98 320 63 477 68 171 59 431 84 415 94 30 30 427 75 81 24 99 88 265
49 15 760 96 107 94 30 24 99 30 327 7 177 98 320 84 415 59 431 79 83 68 171 63 477 88 265 75 81 30 427 55 472
50 15 760 88 265 30 327 7 177 63 477 79 83 75 81 55 472 24 99 94 30 59 431 98 320 96 107 30 427 68 171 84 415
51 15 760 88 265 30 427 24 99 7 177 84 415 55 472 96 107 63 477 68 171 79 83 75 81 59 431 30 327 94 30 98 320
52 15 760 96 107 84 415 75 81 94 30 30 327 98 320 24 99 88 265 7 177 63 477 68 171 30 427 79 83 55 472 59 431
53 15 760 98 320 63 477 75 81 7 177 55 472 94 30 30 327 30 427 96 107 84 415 79 83 59 431 24 99 88 265 68 171
54 15 760 88 265 79 83 30 427 98 320 63 477 75 81 94 30 55 472 96 107 7 177 24 99 84 415 59 431 68 171 30 327
55 15 760 94 30 30 427 24 99 7 177 96 107 55 472 30 327 84 415 63 477 68 171 75 81 79 83 88 265 98 320 59 431
56 15 760 84 415 7 177 88 265 68 171 96 107 59 431 79 83 30 327 55 472 63 477 75 81 98 320 24 99 30 427 94 30
57 15 760 59 431 55 472 94 30 79 83 96 107 75 81 30 327 7 177 30 427 98 320 63 477 84 415 68 171 24 99 88 265
58 15 760 59 431 24 99 30 427 55 472 84 415 88 265 79 83 63 477 30 327 94 30 75 81 96 107 7 177 68 171 98 320
59 15 760 63 477 84 415 24 99 79 83 94 30 30 327 75 81 98 320 59 431 30 427 7 177 88 265 68 171 55 472 96 107
60 15 760 63 477 88 265 30 427 96 107 68 171 94 30 59 431 24 99 84 415 98 320 55 472 30 327 79 83 7 177 75 81
61 15 760 84 415 88 265 59 431 96 107 98 320 94 30 7 177 55 472 24 99 79 83 68 171 30 427 30 327 63 477 75 81
62 15 760 30 427 24 99 94 30 96 107 59 431 84 415 63 477 7 177 88 265 68 171 79 83 75 81 98 320 55 472 30 327
63 15 760 63 477 55 472 98 320 30 327 79 83 24 99 75 81 7 177 88 265 30 427 68 171 84 415 59 431 94 30 96 107
64 15 760 63 477 68 171 75 81 79 83 7 177 55 472 96 107 59 431 30 427 88 265 98 320 94 30 24 99 30 327 84 415
65 15 760 84 415 88 265 79 83 98 320 68 171 94 30 59 431 75 81 55 472 30 327 96 107 63 477 24 99 30 427 7 177
66 15 760 30 427 24 99 84 415 75 81 98 320 7 177 55 472 94 30 63 477 68 171 88 265 96 107 59 431 79 83 30 327
67 15 760 68 171 88 265 75 81 96 107 98 320 84 415 55 472 30 427 7 177 59 431 24 99 94 30 79 83 30 327 63 477
68 15 760 84 415 88 265 79 83 96 107 30 327 94 30 68 171 75 81 30 427 63 477 24 99 98 320 59 431 55 472 7 177
69 15 760 88 265 30 327 63 477 84 415 59 431 7 177 68 171 79 83 96 107 94 30 98 320 75 81 55 472 30 427 24 99
70 15 760 88 265 96 107 84 415 30 427 79 83 55 472 98 320 24 99 30 327 94 30 63 477 7 177 59 431 68 171 75 81
71 15 760 7 177 68 171 88 265 30 327 59 431 55 472 94 30 79 83 24 99 63 477 30 427 96 107 75 81 98 320 84 415
72 15 760 88 265 24 99 94 30 96 107 84 415 7 177 75 81 79 83 55 472 68 171 30 327 98 320 59 431 63 477 30 427
73 15 760 98 320 94 30 55 472 63 477 96 107 30 327 79 83 7 177 75 81 84 415 24 99 30 427 88 265 59 431 68 171
74 15 760 7 177 55 472 98 320 24 99 96 107 30 327 88 265 84 415 59 431 94 30 68 171 30 427 75 81 63 477 79 83
75 15 760 96 107 63 477 75 81 98 320 30 427 68 171 94 30 79 83 30 327 59 431 84 415 24 99 55 472 7 177 88 265
76 15 760 88 265 63 477 94 30 7 177 30 327 30 427 84 415 24 99 79 83 96 107 55 472 98 320 75 81 68 171 59 431
77 15 760 88 265 79 83 68 171 75 81 84 415 59 431 24 99 96 107 98 320 30 427 30 327 63 477 55 472 94 30 7 177
78 15 760 24 99 30 427 88 265 84 415 94 30 30 327 7 177 59 431 68 171 79 83 98 320 96 107 63 477 55 472 75 81
79 15 760 55 472 75 81 59 431 88 265 68 171 30 327 24 99 7 177 94 30 96 107 79 83 98 320 30 427 84 415 63 477
80 15 760 55 472 63 477 98 320 84 415 30 327 7 177 68 171 75 81 59 431 96 107 30 427 79 83 24 99 94 30 88 265
81 15 760 55 472 68 171 7 177 30 427 59 431 24 99 84 415 96 107 63 477 30 327 88 265 79 83 75 81 98 320 94 30
82 15 760 84 415 96 107 98 320 94 30 88 265 30 327 68 171 7 177 55 472 30 427 59 431 24 99 75 81 79 83 63 477
83 15 760 75 81 96 107 79 83 7 177 98 320 24 99 94 30 59 431 68 171 30 427 84 415 30 327 88 265 63 477 55 472
84 15 760 84 415 24 99 96 107 75 81 30 327 79 83 55 472 59 431 7 177 98 320 88 265 68 171 63 477 30 427 94 30
85 15 760 88 265 63 477 75 81 68 171 94 30 79 83 55 472 30 327 96 107 30 427 84 415 59 431 98 320 24 99 7 177
86 15 760 7 177 96 107 24 99 68 171 88 265 59 431 63 477 94 30 30 327 30 427 55 472 98 320 75 81 84 415 79 83
87 15 760 75 81 55 472 94 30 88 265 30 427 84 415 79 83 63 477 30 327 98 320 96 107 59 431 7 177 24 99 68 171
88 15 760 30 327 94 30 30 427 59 431 63 477 24 99 79 83 68 171 88 265 98 320 55 472 84 415 75 81 7 177 96 107
89 15 760 30 427 63 477 88 265 30 327 94 30 79 83 98 320 55 472 96 107 24 99 75 81 68 171 59 431 84 415 7 177
90 15 760 79 83 96 107 24 99 88 265 55 472 75 81 59 431 30 327 98 320 63 477 7 177 30 427 84 415 68 171 94 30
91 15 760 96 107 84 415 30 327 30 427 59 431 7 177 75 81 55 472 88 265 98 320 68 171 63 477 94 30 24 99 79 83
92 15 760 68 171 98 320 59 431 63 477 94 30 84 415 30 427 75 81 96 107 55 472 30 327 24 99 7 177 79 83 88 265
93 15 760 94 30 30 427 55 472 7 177 98 320 84 415 63 477 59 431 88 265 68 171 30 327 96 107 79 83 24 99 75 81
94 15 760 55 472 98 320 24 99 84 415 7 177 63 477 79 83 59 431 94 30 30 427 75 81 68 171 30 327 88 265 96 107
95 15 760 75 81 94 30 30 427 30 327 55 472 63 477 79 83 98 320 84 415 24 99 59 431 96 107 68 171 7 177 88 265
96 15 760 59 431 63 477 79 83 24 99 75 81 88 265 68 171 98 320 55 472 94 30 7 177 84 415 30 327 96 107 30 427
97 15 760 59 431 68 171 79 83 7 177 88 265 30 327 30 427 94 30 96 107 75 81 63 477 55 472 98 320 84 415 24 99
98 15 760 75 81 84 415 59 431 96 107 88 265 55 472 30 327 7 177 24 99 79 83 63 477 94 30 68 171 98 320 30 427
99 15 760 88 265 24 99 30 427 94 30 55 472 63 477 30 327 59 431 75 81 84 415 79 83 7 177 68 171 96 107 98 320
100 15 760 94 30 55 472 24 99 68 171 88 265 30 427 96 107 63 477 59 431 79 83 84 415 75 81 30 327 7 177 98 320
101 15 760 98 320 96 107 94 30 24 99 79 83 59 431 7 177 75 81 63 477 84 415 88 265 30 427 30 327 55 472 68 171
102 15 760 88 265 55 472 63 477 24 99 75 81 30 327 68 171 84 415 30 427 96 107 59 431 79 83 7 177 94 30 98 320
103 15 760 84 415 30 427 24 99 30 327 7 177 79 83 98 320 75 81 59 431 96 107 94 30 68 171 88 265 55 472 63 477
